124,35
105,51
105,50
105,49
105,48
105,47
105,46
105,45
105,44
105,43
105,42
105,41
105,40
105,39
105,38
105,37
105,36
105,35
105,34
105,33
105,32
105,31
105,30
105,29
105,28
105,27
105,26
105,25
105,24
105,23
105,22
105,21
105,20
105,19
105,18
105,17
105,16
105,15
105,14
105,13
105,12
105,11
105,10
105,9
105,8
105,7
105,6
105,5
105,4
105,3
105,2
105,1
105,0
104,3
104,2
104,1
104,0
103,20
103,19
103,18
103,17
103,16
103,15
103,14
103,13
103,12
103,11
103,10
103,9
103,8
103,7
103,6
103,5
103,4
103,3
103,2
103,1
103,0
102,9
102,8
102,7
102,6
102,5
102,4
102,3
102,2
102,1
102,0
101,6
101,5
101,4
101,3
101,2
101,1
101,0
100,8
100,7
100,6
100,5
18,1
100,4
100,3
100,2
100,1
18,3
100,0
99,9
99,8
99,7
99,6
99,5
99,4
99,3
99,2
99,1
14,3
99,0
98,7
98,6
98,5
13,1
98,4
98,3
98,2
98,1
13,3
98,0
97,141
97,140
97,139
97,138
97,137
97,136
97,135
97,134
97,133
97,118
97,117
97,116
97,115
97,114
97,113
97,112
97,111
97,110
97,109
97,108
97,107
97,106
97,105
97,104
97,103
97,102
97,101
97,100
97,96
97,74
97,72
97,70
97,69
97,66
97,65
97,62
97,61
97,58
97,50
97,45
97,40
2,2
97,27
97,18
2,1
97,1
2,3
97,16
14,1
14,8
0,547
0,546
0,545
0,0
124,34
124,33
124,32
124,31
124,30
124,29
124,28
124,27
124,26
124,25
124,24
124,23
124,22
124,21
124,20
124,19
124,18
124,17
124,16
124,15
124,14
124,13
124,12
124,11
124,10
124,9
124,8
124,7
124,6
124,5
124,4
124,3
124,2
124,0
0,276
0,275
0,272
0,271
0,12
0,385
0,10
0,8
